"year","infill_method","MAPE","MAE_w0","MAE_no0","MASE"
2024,"chinook_hatchery_MA.simp2",0.8,0.625,4.75,0.4375
2024,"chinook_hatchery_MA.simp3",0.8,0.625,4.75,0.4375
2024,"chinook_hatchery_kal.arima",1,0.625,5,0.4375
2024,"chinook_hatchery_MA.linear2",0.714285714285714,0.640873015873016,4.62698412698413,0.448611111111111
2024,"chinook_hatchery_MA.linear3",0.714285714285714,0.640873015873016,4.62698412698413,0.448611111111111
2024,"chinook_hatchery_MA.exp2",0.644444444444444,0.64520202020202,4.53535353535354,0.451641414141414
2024,"chinook_hatchery_MA.exp3",0.644444444444444,0.64520202020202,4.53535353535354,0.451641414141414
2024,"chinook_hatchery_interp.linear",0.68,0.675,4.55,0.4725
2024,"chinook_hatchery_interp.stine",0.733337079730624,0.70833567483164,4.58333567483164,0.495834972382148
2024,"chinook_hatchery_kal.structs",14.7570126270634,44.1966304696114,40.314081785618,30.937641328728
2025,"chinook_hatchery_interp.stine",0.889097452281591,6.27561296578474,7.44745215781936,16.7349679087593
2025,"chinook_hatchery_interp.linear",0.583333333333333,6.46296296296296,7.46296296296296,17.2345679012346
2025,"chinook_hatchery_MA.exp2",0.255555555555556,10.9333333333333,11.2666666666667,29.1555555555556
2025,"chinook_hatchery_MA.exp3",0.255555555555556,10.9333333333333,11.2666666666667,29.1555555555556
2025,"chinook_hatchery_MA.linear2",0.229166666666667,11.9167989417989,12.2501322751323,31.7781305114638
2025,"chinook_hatchery_MA.linear3",0.229166666666667,11.9167989417989,12.2501322751323,31.7781305114638
2025,"chinook_hatchery_kal.structs",3.96798878109763,12.3073984460138,11.3199214212774,32.8197291893703
2025,"chinook_hatchery_MA.simp2",0.194444444444444,12.8518518518519,13.1851851851852,34.2716049382716
2025,"chinook_hatchery_MA.simp3",0.194444444444444,12.8518518518519,13.1851851851852,34.2716049382716
2025,"chinook_hatchery_kal.arima",4.43585777920068,13.2858520197073,11.2052697739079,35.4289387192195
